         0                   0,                   1                   0
         0                   0,                   1                   0
         0                   0,           0.0557208                   0
         0                   0,                   1                   0
         0                   0,           0.0557208                   0
         0                   0,           0.0489954                   0
         0                   0,                   1                   0
         0                   0,           0.0557208                   0
         0                   0,           0.0489954                   0
         0                   0,           0.0434531                   0
       0.8                 0.8,                   1                 0.8
       0.8                0.32,                   1                1.12
       0.8                   0,           0.0557208                1.12
       0.8           0.0853333,                   1             1.20533
       0.8                   0,           0.0557208             1.20533
       0.8                   0,           0.0489954             1.20533
       0.8           0.0170667,                   1              1.2224
       0.8                   0,           0.0557208              1.2224
       0.8                   0,           0.0489954              1.2224
       0.8                   0,           0.0434531              1.2224
       1.6                 0.4,                   1                 0.4
       1.6                0.74,                   1                1.14
       1.6                0.18,           0.0557208             1.15003
       1.6            0.538667,                   1              1.6887
       1.6               0.036,           0.0557208              1.6907
       1.6                   0,           0.0489954              1.6907
       1.6            0.246067,                   1             1.93677
       1.6              0.0054,           0.0557208             1.93707
       1.6                   0,           0.0489954             1.93707
       1.6                   0,           0.0434531             1.93707
       2.4                   0,                   1                   0
       2.4                0.18,                   1                0.18
       2.4                0.74,           0.0557208            0.221233
       2.4            0.538667,                   1              0.7599
       2.4            0.414667,           0.0557208            0.783006
       2.4           0.0106667,           0.0489954            0.783528
       2.4            0.592733,                   1             1.37626
       2.4            0.154733,           0.0557208             1.38488
       2.4          0.00106667,           0.0489954             1.38494
       2.4                   0,           0.0434531             1.38494
       3.2                   0,                   1                   0
       3.2                   0,                   1                   0
       3.2                0.32,           0.0557208           0.0178307
       3.2           0.0853333,                   1            0.103164
       3.2            0.630667,           0.0557208            0.138305
       3.2            0.282667,           0.0489954            0.152155
       3.2            0.352067,                   1            0.504221
       3.2            0.544733,           0.0557208            0.534574
       3.2           0.0860667,           0.0489954            0.538791
       3.2         6.66667e-05,           0.0434531            0.538794
         4                   0,                   1                   0
         4                   0,                   1                   0
         4                   0,           0.0557208                   0
         4                   0,                   1                   0
         4            0.166667,           0.0557208           0.0092868
         4            0.666667,           0.0489954           0.0419504
         4           0.0416667,                   1           0.0836171
         4            0.458333,           0.0557208            0.109156
         4            0.458333,           0.0489954            0.131612
         4           0.0416667,           0.0434531            0.133423
       4.8                   0,                   1                   0
       4.8                   0,                   1                   0
       4.8                   0,           0.0557208                   0
       4.8                   0,                   1                   0
       4.8          0.00133333,           0.0557208         7.42944e-05
       4.8            0.282667,           0.0489954           0.0139237
       4.8         6.66667e-05,                   1           0.0139903
       4.8           0.0860667,           0.0557208            0.018786
       4.8            0.544733,           0.0489954           0.0454755
       4.8            0.352067,           0.0434531           0.0607739
       5.6                   0,                   1                   0
       5.6                   0,                   1                   0
       5.6                   0,           0.0557208                   0
       5.6                   0,                   1                   0
       5.6                   0,           0.0557208                   0
       5.6           0.0106667,           0.0489954         0.000522618
       5.6                   0,                   1         0.000522618
       5.6          0.00106667,           0.0557208         0.000582053
       5.6            0.154733,           0.0489954          0.00816328
       5.6            0.592733,           0.0434531           0.0339194
       6.4                   0,                   1                   0
       6.4                   0,                   1                   0
       6.4                   0,           0.0557208                   0
       6.4                   0,                   1                   0
       6.4                   0,           0.0557208                   0
       6.4                   0,           0.0489954                   0
       6.4                   0,                   1                   0
       6.4                   0,           0.0557208                   0
       6.4              0.0054,           0.0489954         0.000264575
       6.4            0.246067,           0.0434531           0.0109569
       7.2                   0,                   1                   0
       7.2                   0,                   1                   0
       7.2                   0,           0.0557208                   0
       7.2                   0,                   1                   0
       7.2                   0,           0.0557208                   0
       7.2                   0,           0.0489954                   0
       7.2                   0,                   1                   0
       7.2                   0,           0.0557208                   0
       7.2                   0,           0.0489954                   0
       7.2           0.0170667,           0.0434531           0.0007416
         8                   0,                   1                   0
         8                   0,                   1                   0
         8                   0,           0.0557208                   0
         8                   0,                   1                   0
         8                   0,           0.0557208                   0
         8                   0,           0.0489954                   0
         8                   0,                   1                   0
         8                   0,           0.0557208                   0
         8                   0,           0.0489954                   0
         8                   0,           0.0434531                   0
       8.8                   0,                   1                   0
       8.8                   0,                   1                   0
       8.8                   0,           0.0557208                   0
       8.8                   0,                   1                   0
       8.8                   0,           0.0557208                   0
       8.8                   0,           0.0489954                   0
       8.8                   0,                   1                   0
       8.8                   0,           0.0557208                   0
       8.8                   0,           0.0489954                   0
       8.8                   0,           0.0434531                   0
       9.6                   0,                   1                   0
       9.6                   0,                   1                   0
       9.6                   0,           0.0557208                   0
       9.6                   0,                   1                   0
       9.6                   0,           0.0557208                   0
       9.6                   0,           0.0489954                   0
       9.6                   0,                   1                   0
       9.6                   0,           0.0557208                   0
       9.6                   0,           0.0489954                   0
       9.6                   0,           0.0434531                   0
      10.4                   0,                   1                   0
      10.4                   0,                   1                   0
      10.4                   0,           0.0557208                   0
      10.4                   0,                   1                   0
      10.4                   0,           0.0557208                   0
      10.4                   0,           0.0489954                   0
      10.4                   0,                   1                   0
      10.4                   0,           0.0557208                   0
      10.4                   0,           0.0489954                   0
      10.4                   0,           0.0434531                   0
      11.2                   0,                   1                   0
      11.2                   0,                   1                   0
      11.2                   0,           0.0557208                   0
      11.2                   0,                   1                   0
      11.2                   0,           0.0557208                   0
      11.2                   0,           0.0489954                   0
      11.2                   0,                   1                   0
      11.2                   0,           0.0557208                   0
      11.2                   0,           0.0489954                   0
      11.2                   0,           0.0434531                   0
        12                   0,                   1                   0
        12                   0,                   1                   0
        12                   0,           0.0557208                   0
        12                   0,                   1                   0
        12                   0,           0.0557208                   0
        12                   0,           0.0489954                   0
        12                   0,                   1                   0
        12                   0,           0.0557208                   0
        12                   0,           0.0489954                   0
        12                   0,           0.0434531                   0
      12.8                   0,                   1                   0
      12.8                   0,                   1                   0
      12.8                   0,           0.0557208                   0
      12.8                   0,                   1                   0
      12.8                   0,           0.0557208                   0
      12.8                   0,           0.0489954                   0
      12.8                   0,                   1                   0
      12.8                   0,           0.0557208                   0
      12.8                   0,           0.0489954                   0
      12.8                   0,           0.0434531                   0
      13.6                   0,                   1                   0
      13.6                   0,                   1                   0
      13.6                   0,           0.0557208                   0
      13.6                   0,                   1                   0
      13.6                   0,           0.0557208                   0
      13.6                   0,           0.0489954                   0
      13.6                   0,                   1                   0
      13.6                   0,           0.0557208                   0
      13.6                   0,           0.0489954                   0
      13.6                   0,           0.0434531                   0
      14.4                   0,                   1                   0
      14.4                   0,                   1                   0
      14.4                   0,           0.0557208                   0
      14.4                   0,                   1                   0
      14.4                   0,           0.0557208                   0
      14.4                   0,           0.0489954                   0
      14.4                   0,                   1                   0
      14.4                   0,           0.0557208                   0
      14.4                   0,           0.0489954                   0
      14.4                   0,           0.0434531                   0
      15.2                   0,                   1                   0
      15.2                   0,                   1                   0
      15.2                   0,           0.0557208                   0
      15.2                   0,                   1                   0
      15.2                   0,           0.0557208                   0
      15.2                   0,           0.0489954                   0
      15.2                   0,                   1                   0
      15.2                   0,           0.0557208                   0
      15.2                   0,           0.0489954                   0
      15.2                   0,           0.0434531                   0
        16                   0,                   1                   0
        16                   0,                   1                   0
        16                   0,           0.0557208                   0
        16                   0,                   1                   0
        16                   0,           0.0557208                   0
        16                   0,           0.0489954                   0
        16                   0,                   1                   0
        16                   0,           0.0557208                   0
        16                   0,           0.0489954                   0
        16                   0,           0.0434531                   0
      16.8                   0,                   1                   0
      16.8                   0,                   1                   0
      16.8                   0,           0.0557208                   0
      16.8                   0,                   1                   0
      16.8                   0,           0.0557208                   0
      16.8                   0,           0.0489954                   0
      16.8                   0,                   1                   0
      16.8                   0,           0.0557208                   0
      16.8                   0,           0.0489954                   0
      16.8                   0,           0.0434531                   0
      17.6                   0,                   1                   0
      17.6                   0,                   1                   0
      17.6                   0,           0.0557208                   0
      17.6                   0,                   1                   0
      17.6                   0,           0.0557208                   0
      17.6                   0,           0.0489954                   0
      17.6                   0,                   1                   0
      17.6                   0,           0.0557208                   0
      17.6                   0,           0.0489954                   0
      17.6                   0,           0.0434531                   0
      18.4                   0,                   1                   0
      18.4                   0,                   1                   0
      18.4                   0,           0.0557208                   0
      18.4                   0,                   1                   0
      18.4                   0,           0.0557208                   0
      18.4                   0,           0.0489954                   0
      18.4                   0,                   1                   0
      18.4                   0,           0.0557208                   0
      18.4                   0,           0.0489954                   0
      18.4                   0,           0.0434531                   0
      19.2                   0,                   1                   0
      19.2                   0,                   1                   0
      19.2                   0,           0.0557208                   0
      19.2                   0,                   1                   0
      19.2                   0,           0.0557208                   0
      19.2                   0,           0.0489954                   0
      19.2                   0,                   1                   0
      19.2                   0,           0.0557208                   0
      19.2                   0,           0.0489954                   0
      19.2                   0,           0.0434531                   0
        20                   0,                   1                   0
        20                   0,                   1                   0
        20                   0,           0.0557208                   0
        20                   0,                   1                   0
        20                   0,           0.0557208                   0
        20                   0,           0.0489954                   0
        20                   0,                   1                   0
        20                   0,           0.0557208                   0
        20                   0,           0.0489954                   0
        20                   0,           0.0434531                   0
      20.8                   0,                   1                   0
      20.8                   0,                   1                   0
      20.8                   0,           0.0557208                   0
      20.8                   0,                   1                   0
      20.8                   0,           0.0557208                   0
      20.8                   0,           0.0489954                   0
      20.8                   0,                   1                   0
      20.8                   0,           0.0557208                   0
      20.8                   0,           0.0489954                   0
      20.8                   0,           0.0434531                   0
      21.6                   0,                   1                   0
      21.6                   0,                   1                   0
      21.6                   0,           0.0557208                   0
      21.6                   0,                   1                   0
      21.6                   0,           0.0557208                   0
      21.6                   0,           0.0489954                   0
      21.6                   0,                   1                   0
      21.6                   0,           0.0557208                   0
      21.6                   0,           0.0489954                   0
      21.6                   0,           0.0434531                   0
      22.4                   0,                   1                   0
      22.4                   0,                   1                   0
      22.4                   0,           0.0557208                   0
      22.4                   0,                   1                   0
      22.4                   0,           0.0557208                   0
      22.4                   0,           0.0489954                   0
      22.4                   0,                   1                   0
      22.4                   0,           0.0557208                   0
      22.4                   0,           0.0489954                   0
      22.4                   0,           0.0434531                   0
      23.2                   0,                   1                   0
      23.2                   0,                   1                   0
      23.2                   0,           0.0557208                   0
      23.2                   0,                   1                   0
      23.2                   0,           0.0557208                   0
      23.2                   0,           0.0489954                   0
      23.2                   0,                   1                   0
      23.2                   0,           0.0557208                   0
      23.2                   0,           0.0489954                   0
      23.2                   0,           0.0434531                   0
        24                   0,                   1                   0
        24                   0,                   1                   0
        24                   0,           0.0557208                   0
        24                   0,                   1                   0
        24                   0,           0.0557208                   0
        24                   0,           0.0489954                   0
        24                   0,                   1                   0
        24                   0,           0.0557208                   0
        24                   0,           0.0489954                   0
        24                   0,           0.0434531                   0
      24.8                   0,                   1                   0
      24.8                   0,                   1                   0
      24.8                   0,           0.0557208                   0
      24.8                   0,                   1                   0
      24.8                   0,           0.0557208                   0
      24.8                   0,           0.0489954                   0
      24.8                   0,                   1                   0
      24.8                   0,           0.0557208                   0
      24.8                   0,           0.0489954                   0
      24.8                   0,           0.0434531                   0
      25.6                   0,                   1                   0
      25.6                   0,                   1                   0
      25.6                   0,           0.0557208                   0
      25.6                   0,                   1                   0
      25.6                   0,           0.0557208                   0
      25.6                   0,           0.0489954                   0
      25.6                   0,                   1                   0
      25.6                   0,           0.0557208                   0
      25.6                   0,           0.0489954                   0
      25.6                   0,           0.0434531                   0
      26.4                   0,                   1                   0
      26.4                   0,                   1                   0
      26.4                   0,           0.0557208                   0
      26.4                   0,                   1                   0
      26.4                   0,           0.0557208                   0
      26.4                   0,           0.0489954                   0
      26.4                   0,                   1                   0
      26.4                   0,           0.0557208                   0
      26.4                   0,           0.0489954                   0
      26.4                   0,           0.0434531                   0
      27.2                   0,                   1                   0
      27.2                   0,                   1                   0
      27.2                   0,           0.0557208                   0
      27.2                   0,                   1                   0
      27.2                   0,           0.0557208                   0
      27.2                   0,           0.0489954                   0
      27.2                   0,                   1                   0
      27.2                   0,           0.0557208                   0
      27.2                   0,           0.0489954                   0
      27.2                   0,           0.0434531                   0
        28                   0,                   1                   0
        28                   0,                   1                   0
        28                   0,           0.0557208                   0
        28                   0,                   1                   0
        28                   0,           0.0557208                   0
        28                   0,           0.0489954                   0
        28                   0,                   1                   0
        28                   0,           0.0557208                   0
        28                   0,           0.0489954                   0
        28                   0,           0.0434531                   0
      28.8                   0,                   1                   0
      28.8                   0,                   1                   0
      28.8                   0,           0.0557208                   0
      28.8                   0,                   1                   0
      28.8                   0,           0.0557208                   0
      28.8                   0,           0.0489954                   0
      28.8                   0,                   1                   0
      28.8                   0,           0.0557208                   0
      28.8                   0,           0.0489954                   0
      28.8                   0,           0.0434531                   0
      29.6                   0,                   1                   0
      29.6                   0,                   1                   0
      29.6                   0,           0.0557208                   0
      29.6                   0,                   1                   0
      29.6                   0,           0.0557208                   0
      29.6                   0,           0.0489954                   0
      29.6                   0,                   1                   0
      29.6                   0,           0.0557208                   0
      29.6                   0,           0.0489954                   0
      29.6                   0,           0.0434531                   0
      30.4                   0,                   1                   0
      30.4                   0,                   1                   0
      30.4                   0,           0.0557208                   0
      30.4                   0,                   1                   0
      30.4                   0,           0.0557208                   0
      30.4                   0,           0.0489954                   0
      30.4                   0,                   1                   0
      30.4                   0,           0.0557208                   0
      30.4                   0,           0.0489954                   0
      30.4                   0,           0.0434531                   0
      31.2                   0,                   1                   0
      31.2                   0,                   1                   0
      31.2                   0,           0.0557208                   0
      31.2                   0,                   1                   0
      31.2                   0,           0.0557208                   0
      31.2                   0,           0.0489954                   0
      31.2                   0,                   1                   0
      31.2                   0,           0.0557208                   0
      31.2                   0,           0.0489954                   0
      31.2                   0,           0.0434531                   0
        32                   0,                   1                   0
        32                   0,                   1                   0
        32                   0,           0.0557208                   0
        32                   0,                   1                   0
        32                   0,           0.0557208                   0
        32                   0,           0.0489954                   0
        32                   0,                   1                   0
        32                   0,           0.0557208                   0
        32                   0,           0.0489954                   0
        32                   0,           0.0434531                   0
      32.8                   0,                   1                   0
      32.8                   0,                   1                   0
      32.8                   0,           0.0557208                   0
      32.8                   0,                   1                   0
      32.8                   0,           0.0557208                   0
      32.8                   0,           0.0489954                   0
      32.8                   0,                   1                   0
      32.8                   0,           0.0557208                   0
      32.8                   0,           0.0489954                   0
      32.8                   0,           0.0434531                   0
      33.6                   0,                   1                   0
      33.6                   0,                   1                   0
      33.6                   0,           0.0557208                   0
      33.6                   0,                   1                   0
      33.6                   0,           0.0557208                   0
      33.6                   0,           0.0489954                   0
      33.6                   0,                   1                   0
      33.6                   0,           0.0557208                   0
      33.6                   0,           0.0489954                   0
      33.6                   0,           0.0434531                   0
      34.4                   0,                   1                   0
      34.4                   0,                   1                   0
      34.4                   0,           0.0557208                   0
      34.4                   0,                   1                   0
      34.4                   0,           0.0557208                   0
      34.4                   0,           0.0489954                   0
      34.4                   0,                   1                   0
      34.4                   0,           0.0557208                   0
      34.4                   0,           0.0489954                   0
      34.4                   0,           0.0434531                   0
      35.2                   0,                   1                   0
      35.2                   0,                   1                   0
      35.2                   0,           0.0557208                   0
      35.2                   0,                   1                   0
      35.2                   0,           0.0557208                   0
      35.2                   0,           0.0489954                   0
      35.2                   0,                   1                   0
      35.2                   0,           0.0557208                   0
      35.2                   0,           0.0489954                   0
      35.2                   0,           0.0434531                   0
        36                   0,                   1                   0
        36                   0,                   1                   0
        36                   0,           0.0557208                   0
        36                   0,                   1                   0
        36                   0,           0.0557208                   0
        36                   0,           0.0489954                   0
        36                   0,                   1                   0
        36                   0,           0.0557208                   0
        36                   0,           0.0489954                   0
        36                   0,           0.0434531                   0
      36.8                   0,                   1                   0
      36.8                   0,                   1                   0
      36.8                   0,           0.0557208                   0
      36.8                   0,                   1                   0
      36.8                   0,           0.0557208                   0
      36.8                   0,           0.0489954                   0
      36.8                   0,                   1                   0
      36.8                   0,           0.0557208                   0
      36.8                   0,           0.0489954                   0
      36.8                   0,           0.0434531                   0
      37.6                   0,                   1                   0
      37.6                   0,                   1                   0
      37.6                   0,           0.0557208                   0
      37.6                   0,                   1                   0
      37.6                   0,           0.0557208                   0
      37.6                   0,           0.0489954                   0
      37.6                   0,                   1                   0
      37.6                   0,           0.0557208                   0
      37.6                   0,           0.0489954                   0
      37.6                   0,           0.0434531                   0
      38.4                   0,                   1                   0
      38.4                   0,                   1                   0
      38.4                   0,           0.0557208                   0
      38.4                   0,                   1                   0
      38.4                   0,           0.0557208                   0
      38.4                   0,           0.0489954                   0
      38.4                   0,                   1                   0
      38.4                   0,           0.0557208                   0
      38.4                   0,           0.0489954                   0
      38.4                   0,           0.0434531                   0
      39.2                   0,                   1                   0
      39.2                   0,                   1                   0
      39.2                   0,           0.0557208                   0
      39.2                   0,                   1                   0
      39.2                   0,           0.0557208                   0
      39.2                   0,           0.0489954                   0
      39.2                   0,                   1                   0
      39.2                   0,           0.0557208                   0
      39.2                   0,           0.0489954                   0
      39.2                   0,           0.0434531                   0
        40                   0,                   1                   0
        40                   0,                   1                   0
        40                   0,           0.0557208                   0
        40                   0,                   1                   0
        40                   0,           0.0557208                   0
        40                   0,           0.0489954                   0
        40                   0,                   1                   0
        40                   0,           0.0557208                   0
        40                   0,           0.0489954                   0
        40                   0,           0.0434531                   0
      40.8                   0,                   1                   0
      40.8                   0,                   1                   0
      40.8                   0,           0.0557208                   0
      40.8                   0,                   1                   0
      40.8                   0,           0.0557208                   0
      40.8                   0,           0.0489954                   0
      40.8                   0,                   1                   0
      40.8                   0,           0.0557208                   0
      40.8                   0,           0.0489954                   0
      40.8                   0,           0.0434531                   0
      41.6                   0,                   1                   0
      41.6                   0,                   1                   0
      41.6                   0,           0.0557208                   0
      41.6                   0,                   1                   0
      41.6                   0,           0.0557208                   0
      41.6                   0,           0.0489954                   0
      41.6                   0,                   1                   0
      41.6                   0,           0.0557208                   0
      41.6                   0,           0.0489954                   0
      41.6                   0,           0.0434531                   0
      42.4                   0,                   1                   0
      42.4                   0,                   1                   0
      42.4                   0,           0.0557208                   0
      42.4                   0,                   1                   0
      42.4                   0,           0.0557208                   0
      42.4                   0,           0.0489954                   0
      42.4                   0,                   1                   0
      42.4                   0,           0.0557208                   0
      42.4                   0,           0.0489954                   0
      42.4                   0,           0.0434531                   0
      43.2                   0,                   1                   0
      43.2                   0,                   1                   0
      43.2                   0,           0.0557208                   0
      43.2                   0,                   1                   0
      43.2                   0,           0.0557208                   0
      43.2                   0,           0.0489954                   0
      43.2                   0,                   1                   0
      43.2                   0,           0.0557208                   0
      43.2                   0,           0.0489954                   0
      43.2                   0,           0.0434531                   0
        44                   0,                   1                   0
        44                   0,                   1                   0
        44                   0,           0.0557208                   0
        44                   0,                   1                   0
        44                   0,           0.0557208                   0
        44                   0,           0.0489954                   0
        44                   0,                   1                   0
        44                   0,           0.0557208                   0
        44                   0,           0.0489954                   0
        44                   0,           0.0434531                   0
      44.8                   0,                   1                   0
      44.8                   0,                   1                   0
      44.8                   0,           0.0557208                   0
      44.8                   0,                   1                   0
      44.8                   0,           0.0557208                   0
      44.8                   0,           0.0489954                   0
      44.8                   0,                   1                   0
      44.8                   0,           0.0557208                   0
      44.8                   0,           0.0489954                   0
      44.8                   0,           0.0434531                   0
      45.6                   0,                   1                   0
      45.6                   0,                   1                   0
      45.6                   0,           0.0557208                   0
      45.6                   0,                   1                   0
      45.6                   0,           0.0557208                   0
      45.6                   0,           0.0489954                   0
      45.6                   0,                   1                   0
      45.6                   0,           0.0557208                   0
      45.6                   0,           0.0489954                   0
      45.6                   0,           0.0434531                   0
      46.4                   0,                   1                   0
      46.4                   0,                   1                   0
      46.4                   0,           0.0557208                   0
      46.4                   0,                   1                   0
      46.4                   0,           0.0557208                   0
      46.4                   0,           0.0489954                   0
      46.4                   0,                   1                   0
      46.4                   0,           0.0557208                   0
      46.4                   0,           0.0489954                   0
      46.4                   0,           0.0434531                   0
      47.2                   0,                   1                   0
      47.2                   0,                   1                   0
      47.2                   0,           0.0557208                   0
      47.2                   0,                   1                   0
      47.2                   0,           0.0557208                   0
      47.2                   0,           0.0489954                   0
      47.2                   0,                   1                   0
      47.2                   0,           0.0557208                   0
      47.2                   0,           0.0489954                   0
      47.2                   0,           0.0434531                   0
        48                   0,                   1                   0
        48                   0,                   1                   0
        48                   0,           0.0557208                   0
        48                   0,                   1                   0
        48                   0,           0.0557208                   0
        48                   0,           0.0489954                   0
        48                   0,                   1                   0
        48                   0,           0.0557208                   0
        48                   0,           0.0489954                   0
        48                   0,           0.0434531                   0
      48.8                   0,                   1                   0
      48.8                   0,                   1                   0
      48.8                   0,           0.0557208                   0
      48.8                   0,                   1                   0
      48.8                   0,           0.0557208                   0
      48.8                   0,           0.0489954                   0
      48.8                   0,                   1                   0
      48.8                   0,           0.0557208                   0
      48.8                   0,           0.0489954                   0
      48.8                   0,           0.0434531                   0
      49.6                   0,                   1                   0
      49.6                   0,                   1                   0
      49.6                   0,           0.0557208                   0
      49.6                   0,                   1                   0
      49.6                   0,           0.0557208                   0
      49.6                   0,           0.0489954                   0
      49.6                   0,                   1                   0
      49.6                   0,           0.0557208                   0
      49.6                   0,           0.0489954                   0
      49.6                   0,           0.0434531                   0
      50.4                   0,                   1                   0
      50.4                   0,                   1                   0
      50.4                   0,           0.0557208                   0
      50.4                   0,                   1                   0
      50.4                   0,           0.0557208                   0
      50.4                   0,           0.0489954                   0
      50.4                   0,                   1                   0
      50.4                   0,           0.0557208                   0
      50.4                   0,           0.0489954                   0
      50.4                   0,           0.0434531                   0
      51.2                   0,                   1                   0
      51.2                   0,                   1                   0
      51.2                   0,           0.0557208                   0
      51.2                   0,                   1                   0
      51.2                   0,           0.0557208                   0
      51.2                   0,           0.0489954                   0
      51.2                   0,                   1                   0
      51.2                   0,           0.0557208                   0
      51.2                   0,           0.0489954                   0
      51.2                   0,           0.0434531                   0
        52                   0,                   1                   0
        52                   0,                   1                   0
        52                   0,           0.0557208                   0
        52                   0,                   1                   0
        52                   0,           0.0557208                   0
        52                   0,           0.0489954                   0
        52                   0,                   1                   0
        52                   0,           0.0557208                   0
        52                   0,           0.0489954                   0
        52                   0,           0.0434531                   0
      52.8                   0,                   1                   0
      52.8                   0,                   1                   0
      52.8                   0,           0.0557208                   0
      52.8                   0,                   1                   0
      52.8                   0,           0.0557208                   0
      52.8                   0,           0.0489954                   0
      52.8                   0,                   1                   0
      52.8                   0,           0.0557208                   0
      52.8                   0,           0.0489954                   0
      52.8                   0,           0.0434531                   0
      53.6                   0,                   1                   0
      53.6                   0,                   1                   0
      53.6                   0,           0.0557208                   0
      53.6                   0,                   1                   0
      53.6                   0,           0.0557208                   0
      53.6                   0,           0.0489954                   0
      53.6                   0,                   1                   0
      53.6                   0,           0.0557208                   0
      53.6                   0,           0.0489954                   0
      53.6                   0,           0.0434531                   0
      54.4                   0,                   1                   0
      54.4                   0,                   1                   0
      54.4                   0,           0.0557208                   0
      54.4                   0,                   1                   0
      54.4                   0,           0.0557208                   0
      54.4                   0,           0.0489954                   0
      54.4                   0,                   1                   0
      54.4                   0,           0.0557208                   0
      54.4                   0,           0.0489954                   0
      54.4                   0,           0.0434531                   0
      55.2                   0,                   1                   0
      55.2                   0,                   1                   0
      55.2                   0,           0.0557208                   0
      55.2                   0,                   1                   0
      55.2                   0,           0.0557208                   0
      55.2                   0,           0.0489954                   0
      55.2                   0,                   1                   0
      55.2                   0,           0.0557208                   0
      55.2                   0,           0.0489954                   0
      55.2                   0,           0.0434531                   0
        56                   0,                   1                   0
        56                   0,                   1                   0
        56                   0,           0.0557208                   0
        56                   0,                   1                   0
        56                   0,           0.0557208                   0
        56                   0,           0.0489954                   0
        56                   0,                   1                   0
        56                   0,           0.0557208                   0
        56                   0,           0.0489954                   0
        56                   0,           0.0434531                   0
      56.8                   0,                   1                   0
      56.8                   0,                   1                   0
      56.8                   0,           0.0557208                   0
      56.8                   0,                   1                   0
      56.8                   0,           0.0557208                   0
      56.8                   0,           0.0489954                   0
      56.8                   0,                   1                   0
      56.8                   0,           0.0557208                   0
      56.8                   0,           0.0489954                   0
      56.8                   0,           0.0434531                   0
      57.6                   0,                   1                   0
      57.6                   0,                   1                   0
      57.6                   0,           0.0557208                   0
      57.6                   0,                   1                   0
      57.6                   0,           0.0557208                   0
      57.6                   0,           0.0489954                   0
      57.6                   0,                   1                   0
      57.6                   0,           0.0557208                   0
      57.6                   0,           0.0489954                   0
      57.6                   0,           0.0434531                   0
      58.4                   0,                   1                   0
      58.4                   0,                   1                   0
      58.4                   0,           0.0557208                   0
      58.4                   0,                   1                   0
      58.4                   0,           0.0557208                   0
      58.4                   0,           0.0489954                   0
      58.4                   0,                   1                   0
      58.4                   0,           0.0557208                   0
      58.4                   0,           0.0489954                   0
      58.4                   0,           0.0434531                   0
      59.2                   0,                   1                   0
      59.2                   0,                   1                   0
      59.2                   0,           0.0557208                   0
      59.2                   0,                   1                   0
      59.2                   0,           0.0557208                   0
      59.2                   0,           0.0489954                   0
      59.2                   0,                   1                   0
      59.2                   0,           0.0557208                   0
      59.2                   0,           0.0489954                   0
      59.2                   0,           0.0434531                   0
        60                   0,                   1                   0
        60                   0,                   1                   0
        60                   0,           0.0557208                   0
        60                   0,                   1                   0
        60                   0,           0.0557208                   0
        60                   0,           0.0489954                   0
        60                   0,                   1                   0
        60                   0,           0.0557208                   0
        60                   0,           0.0489954                   0
        60                   0,           0.0434531                   0
      60.8                   0,                   1                   0
      60.8                   0,                   1                   0
      60.8                   0,           0.0557208                   0
      60.8                   0,                   1                   0
      60.8                   0,           0.0557208                   0
      60.8                   0,           0.0489954                   0
      60.8                   0,                   1                   0
      60.8                   0,           0.0557208                   0
      60.8                   0,           0.0489954                   0
      60.8                   0,           0.0434531                   0
      61.6                   0,                   1                   0
      61.6                   0,                   1                   0
      61.6                   0,           0.0557208                   0
      61.6                   0,                   1                   0
      61.6                   0,           0.0557208                   0
      61.6                   0,           0.0489954                   0
      61.6                   0,                   1                   0
      61.6                   0,           0.0557208                   0
      61.6                   0,           0.0489954                   0
      61.6                   0,           0.0434531                   0
      62.4                   0,                   1                   0
      62.4                   0,                   1                   0
      62.4                   0,           0.0557208                   0
      62.4                   0,                   1                   0
      62.4                   0,           0.0557208                   0
      62.4                   0,           0.0489954                   0
      62.4                   0,                   1                   0
      62.4                   0,           0.0557208                   0
      62.4                   0,           0.0489954                   0
      62.4                   0,           0.0434531                   0
      63.2                   0,                   1                   0
      63.2                   0,                   1                   0
      63.2                   0,           0.0557208                   0
      63.2                   0,                   1                   0
      63.2                   0,           0.0557208                   0
      63.2                   0,           0.0489954                   0
      63.2                   0,                   1                   0
      63.2                   0,           0.0557208                   0
      63.2                   0,           0.0489954                   0
      63.2                   0,           0.0434531                   0
        64                   0,                   1                   0
        64                   0,                   1                   0
        64                   0,           0.0557208                   0
        64                   0,                   1                   0
        64                   0,           0.0557208                   0
        64                   0,           0.0489954                   0
        64                   0,                   1                   0
        64                   0,           0.0557208                   0
        64                   0,           0.0489954                   0
        64                   0,           0.0434531                   0
      64.8                   0,                   1                   0
      64.8                   0,                   1                   0
      64.8                   0,           0.0557208                   0
      64.8                   0,                   1                   0
      64.8                   0,           0.0557208                   0
      64.8                   0,           0.0489954                   0
      64.8                   0,                   1                   0
      64.8                   0,           0.0557208                   0
      64.8                   0,           0.0489954                   0
      64.8                   0,           0.0434531                   0
      65.6                   0,                   1                   0
      65.6                   0,                   1                   0
      65.6                   0,           0.0557208                   0
      65.6                   0,                   1                   0
      65.6                   0,           0.0557208                   0
      65.6                   0,           0.0489954                   0
      65.6                   0,                   1                   0
      65.6                   0,           0.0557208                   0
      65.6                   0,           0.0489954                   0
      65.6                   0,           0.0434531                   0
      66.4                   0,                   1                   0
      66.4                   0,                   1                   0
      66.4                   0,           0.0557208                   0
      66.4                   0,                   1                   0
      66.4                   0,           0.0557208                   0
      66.4                   0,           0.0489954                   0
      66.4                   0,                   1                   0
      66.4                   0,           0.0557208                   0
      66.4                   0,           0.0489954                   0
      66.4                   0,           0.0434531                   0
      67.2                   0,                   1                   0
      67.2                   0,                   1                   0
      67.2                   0,           0.0557208                   0
      67.2                   0,                   1                   0
      67.2                   0,           0.0557208                   0
      67.2                   0,           0.0489954                   0
      67.2                   0,                   1                   0
      67.2                   0,           0.0557208                   0
      67.2                   0,           0.0489954                   0
      67.2                   0,           0.0434531                   0
        68                   0,                   1                   0
        68                   0,                   1                   0
        68                   0,           0.0557208                   0
        68                   0,                   1                   0
        68                   0,           0.0557208                   0
        68                   0,           0.0489954                   0
        68                   0,                   1                   0
        68                   0,           0.0557208                   0
        68                   0,           0.0489954                   0
        68                   0,           0.0434531                   0
      68.8                   0,                   1                   0
      68.8                   0,                   1                   0
      68.8                   0,           0.0557208                   0
      68.8                   0,                   1                   0
      68.8                   0,           0.0557208                   0
      68.8                   0,           0.0489954                   0
      68.8                   0,                   1                   0
      68.8                   0,           0.0557208                   0
      68.8                   0,           0.0489954                   0
      68.8                   0,           0.0434531                   0
      69.6                   0,                   1                   0
      69.6                   0,                   1                   0
      69.6                   0,           0.0557208                   0
      69.6                   0,                   1                   0
      69.6                   0,           0.0557208                   0
      69.6                   0,           0.0489954                   0
      69.6                   0,                   1                   0
      69.6                   0,           0.0557208                   0
      69.6                   0,           0.0489954                   0
      69.6                   0,           0.0434531                   0
      70.4                   0,                   1                   0
      70.4                   0,                   1                   0
      70.4                   0,           0.0557208                   0
      70.4                   0,                   1                   0
      70.4                   0,           0.0557208                   0
      70.4                   0,           0.0489954                   0
      70.4                   0,                   1                   0
      70.4                   0,           0.0557208                   0
      70.4                   0,           0.0489954                   0
      70.4                   0,           0.0434531                   0
      71.2                   0,                   1                   0
      71.2                   0,                   1                   0
      71.2                   0,           0.0557208                   0
      71.2                   0,                   1                   0
      71.2                   0,           0.0557208                   0
      71.2                   0,           0.0489954                   0
      71.2                   0,                   1                   0
      71.2                   0,           0.0557208                   0
      71.2                   0,           0.0489954                   0
      71.2                   0,           0.0434531                   0
        72                   0,                   1                   0
        72                   0,                   1                   0
        72                   0,           0.0557208                   0
        72                   0,                   1                   0
        72                   0,           0.0557208                   0
        72                   0,           0.0489954                   0
        72                   0,                   1                   0
        72                   0,           0.0557208                   0
        72                   0,           0.0489954                   0
        72                   0,           0.0434531                   0
      72.8                   0,                   1                   0
      72.8                   0,                   1                   0
      72.8                   0,           0.0557208                   0
      72.8                   0,                   1                   0
      72.8                   0,           0.0557208                   0
      72.8                   0,           0.0489954                   0
      72.8                   0,                   1                   0
      72.8                   0,           0.0557208                   0
      72.8                   0,           0.0489954                   0
      72.8                   0,           0.0434531                   0
      73.6                   0,                   1                   0
      73.6                   0,                   1                   0
      73.6                   0,           0.0557208                   0
      73.6                   0,                   1                   0
      73.6                   0,           0.0557208                   0
      73.6                   0,           0.0489954                   0
      73.6                   0,                   1                   0
      73.6                   0,           0.0557208                   0
      73.6                   0,           0.0489954                   0
      73.6                   0,           0.0434531                   0
      74.4                   0,                   1                   0
      74.4                   0,                   1                   0
      74.4                   0,           0.0557208                   0
      74.4                   0,                   1                   0
      74.4                   0,           0.0557208                   0
      74.4                   0,           0.0489954                   0
      74.4                   0,                   1                   0
      74.4                   0,           0.0557208                   0
      74.4                   0,           0.0489954                   0
      74.4                   0,           0.0434531                   0
      75.2                   0,                   1                   0
      75.2                   0,                   1                   0
      75.2                   0,           0.0557208                   0
      75.2                   0,                   1                   0
      75.2                   0,           0.0557208                   0
      75.2                   0,           0.0489954                   0
      75.2                   0,                   1                   0
      75.2                   0,           0.0557208                   0
      75.2                   0,           0.0489954                   0
      75.2                   0,           0.0434531                   0
        76                   0,                   1                   0
        76                   0,                   1                   0
        76                   0,           0.0557208                   0
        76                   0,                   1                   0
        76                   0,           0.0557208                   0
        76                   0,           0.0489954                   0
        76                   0,                   1                   0
        76                   0,           0.0557208                   0
        76                   0,           0.0489954                   0
        76                   0,           0.0434531                   0
      76.8                   0,                   1                   0
      76.8                   0,                   1                   0
      76.8                   0,           0.0557208                   0
      76.8                   0,                   1                   0
      76.8                   0,           0.0557208                   0
      76.8                   0,           0.0489954                   0
      76.8                   0,                   1                   0
      76.8                   0,           0.0557208                   0
      76.8                   0,           0.0489954                   0
      76.8                   0,           0.0434531                   0
      77.6                   0,                   1                   0
      77.6                   0,                   1                   0
      77.6                   0,           0.0557208                   0
      77.6                   0,                   1                   0
      77.6                   0,           0.0557208                   0
      77.6                   0,           0.0489954                   0
      77.6                   0,                   1                   0
      77.6                   0,           0.0557208                   0
      77.6                   0,           0.0489954                   0
      77.6                   0,           0.0434531                   0
      78.4                   0,                   1                   0
      78.4                   0,                   1                   0
      78.4                   0,           0.0557208                   0
      78.4                   0,                   1                   0
      78.4                   0,           0.0557208                   0
      78.4                   0,           0.0489954                   0
      78.4                   0,                   1                   0
      78.4                   0,           0.0557208                   0
      78.4                   0,           0.0489954                   0
      78.4                   0,           0.0434531                   0
      79.2                   0,                   1                   0
      79.2                   0,                   1                   0
      79.2                   0,           0.0557208                   0
      79.2                   0,                   1                   0
      79.2                   0,           0.0557208                   0
      79.2                   0,           0.0489954                   0
      79.2                   0,                   1                   0
      79.2                   0,           0.0557208                   0
      79.2                   0,           0.0489954                   0
      79.2                   0,           0.0434531                   0
        80                   0,                   1                   0
        80                   0,                   1                   0
        80                   0,           0.0557208                   0
        80                   0,                   1                   0
        80                   0,           0.0557208                   0
        80                   0,           0.0489954                   0
        80                   0,                   1                   0
        80                   0,           0.0557208                   0
        80                   0,           0.0489954                   0
        80                   0,           0.0434531                   0
