1
1
0.215678
1
0.215678
0.0969103
1
0.215678
0.0969103
0.0435446
1
1
0.215678
1
0.215678
0.0969103
1
0.215678
0.0969103
0.0435446
1
1
0.215678
1
0.215678
0.0969103
1
0.215678
0.0969103
0.0435446
1
1
0.215678
1
0.215678
0.0969103
1
0.215678
0.0969103
0.0435446
1
1
0.215678
1
0.215678
0.0969103
1
0.215678
0.0969103
0.0435446
1
1
0.215678
1
0.215678
0.0969103
1
0.215678
0.0969103
0.0435446
1
1
0.215678
1
0.215678
0.0969103
1
0.215678
0.0969103
0.0435446
1
1
0.215678
1
0.215678
0.0969103
1
0.215678
0.0969103
0.0435446
1
1
0.215678
1
0.215678
0.0969103
1
0.215678
0.0969103
0.0435446
1
1
0.215678
1
0.215678
0.0969103
1
0.215678
0.0969103
0.0435446
1
1
0.215678
1
0.215678
0.0969103
1
0.215678
0.0969103
0.0435446
