0
0
0
0
0
0
0
0
0
0
0.01
5e-05
0
1.66667e-07
0
0
4.16667e-10
0
0
0
0.02
0.0002
0
1.33333e-06
0
0
6.66667e-09
0
0
0
0.03
0.00045
0
4.5e-06
0
0
3.375e-08
0
0
0
0.04
0.0008
0
1.06667e-05
0
0
1.06667e-07
0
0
0
0.05
0.00125
0
2.08333e-05
0
0
2.60417e-07
0
0
0
0.06
0.0018
0
3.6e-05
0
0
5.4e-07
0
0
0
0.07
0.00245
0
5.71667e-05
0
0
1.00042e-06
0
0
0
0.08
0.0032
0
8.53333e-05
0
0
1.70667e-06
0
0
0
0.09
0.00405
0
0.0001215
0
0
2.73375e-06
0
0
0
0.1
0.005
0
0.000166667
0
0
4.16667e-06
0
0
0
0.11
0.00605
0
0.000221833
0
0
6.10042e-06
0
0
0
0.12
0.0072
0
0.000288
0
0
8.64e-06
0
0
0
0.13
0.00845
0
0.000366167
0
0
1.19004e-05
0
0
0
0.14
0.0098
0
0.000457333
0
0
1.60067e-05
0
0
0
0.15
0.01125
0
0.0005625
0
0
2.10937e-05
0
0
0
0.16
0.0128
0
0.000682667
0
0
2.73067e-05
0
0
0
0.17
0.01445
0
0.000818833
0
0
3.48004e-05
0
0
0
0.18
0.0162
0
0.000972
0
0
4.374e-05
0
0
0
0.19
0.01805
0
0.00114317
0
0
5.43004e-05
0
0
0
0.2
0.02
0
0.00133333
0
0
6.66667e-05
0
0
0
0.21
0.02205
0
0.0015435
0
0
8.10337e-05
0
0
0
0.22
0.0242
0
0.00177467
0
0
9.76067e-05
0
0
0
0.23
0.02645
0
0.00202783
0
0
0.0001166
0
0
0
0.24
0.0288
0
0.002304
0
0
0.00013824
0
0
0
0.25
0.03125
0
0.00260417
0
0
0.00016276
0
0
0
0.26
0.0338
0
0.00292933
0
0
0.000190407
0
0
0
0.27
0.03645
0
0.0032805
0
0
0.000221434
0
0
0
0.28
0.0392
0
0.00365867
0
0
0.000256107
0
0
0
0.29
0.04205
0
0.00406483
0
0
0.0002947
0
0
0
0.3
0.045
0
0.0045
0
0
0.0003375
0
0
0
0.31
0.04805
0
0.00496517
0
0
0.0003848
0
0
0
0.32
0.0512
0
0.00546133
0
0
0.000436907
0
0
0
0.33
0.05445
0
0.0059895
0
0
0.000494134
0
0
0
0.34
0.0578
0
0.00655067
0
0
0.000556807
0
0
0
0.35
0.06125
0
0.00714583
0
0
0.00062526
0
0
0
0.36
0.0648
0
0.007776
0
0
0.00069984
0
0
0
0.37
0.06845
0
0.00844217
0
0
0.0007809
0
0
0
0.38
0.0722
0
0.00914533
0
0
0.000868807
0
0
0
0.39
0.07605
0
0.0098865
0
0
0.000963934
0
0
0
0.4
0.08
0
0.0106667
0
0
0.00106667
0
0
0
0.41
0.08405
0
0.0114868
0
0
0.0011774
0
0
0
0.42
0.0882
0
0.012348
0
0
0.00129654
0
0
0
0.43
0.09245
0
0.0132512
0
0
0.0014245
0
0
0
0.44
0.0968
0
0.0141973
0
0
0.00156171
0
0
0
0.45
0.10125
0
0.0151875
0
0
0.00170859
0
0
0
0.46
0.1058
0
0.0162227
0
0
0.00186561
0
0
0
0.47
0.11045
0
0.0173038
0
0
0.0020332
0
0
0
0.48
0.1152
0
0.018432
0
0
0.00221184
0
0
0
0.49
0.12005
0
0.0196082
0
0
0.002402
0
0
0
0.5
0.125
0
0.0208333
0
0
0.00260417
0
0
0
0.51
0.13005
0
0.0221085
0
0
0.00281883
0
0
0
0.52
0.1352
0
0.0234347
0
0
0.00304651
0
0
0
0.53
0.14045
0
0.0248128
0
0
0.0032877
0
0
0
0.54
0.1458
0
0.026244
0
0
0.00354294
0
0
0
0.55
0.15125
0
0.0277292
0
0
0.00381276
0
0
0
0.56
0.1568
0
0.0292693
0
0
0.00409771
0
0
0
0.57
0.16245
0
0.0308655
0
0
0.00439833
0
0
0
0.58
0.1682
0
0.0325187
0
0
0.00471521
0
0
0
0.59
0.17405
0
0.0342298
0
0
0.0050489
0
0
0
0.6
0.18
0
0.036
0
0
0.0054
0
0
0
0.61
0.18605
0
0.0378302
0
0
0.0057691
0
0
0
0.62
0.1922
0
0.0397213
0
0
0.00615681
0
0
0
0.63
0.19845
0
0.0416745
0
0
0.00656373
0
0
0
0.64
0.2048
0
0.0436907
0
0
0.00699051
0
0
0
0.65
0.21125
0
0.0457708
0
0
0.00743776
0
0
0
0.66
0.2178
0
0.047916
0
0
0.00790614
0
0
0
0.67
0.22445
0
0.0501272
0
0
0.0083963
0
0
0
0.68
0.2312
0
0.0524053
0
0
0.00890891
0
0
0
0.69
0.23805
0
0.0547515
0
0
0.00944463
0
0
0
0.7
0.245
0
0.0571667
0
0
0.0100042
0
0
0
0.71
0.25205
0
0.0596518
0
0
0.0105882
0
0
0
0.72
0.2592
0
0.062208
0
0
0.0111974
0
0
0
0.73
0.26645
0
0.0648362
0
0
0.0118326
0
0
0
0.74
0.2738
0
0.0675373
0
0
0.0124944
0
0
0
0.75
0.28125
0
0.0703125
0
0
0.0131836
0
0
0
0.76
0.2888
0
0.0731627
0
0
0.0139009
0
0
0
0.77
0.29645
0
0.0760888
0
0
0.0146471
0
0
0
0.78
0.3042
0
0.079092
0
0
0.0154229
0
0
0
0.79
0.31205
0
0.0821732
0
0
0.0162292
0
0
0
0.8
0.32
0
0.0853333
0
0
0.0170667
0
0
0
0.81
0.32805
0
0.0885735
0
0
0.0179361
0
0
0
0.82
0.3362
0
0.0918947
0
0
0.0188384
0
0
0
0.83
0.34445
0
0.0952978
0
0
0.0197743
0
0
0
0.84
0.3528
0
0.098784
0
0
0.0207446
0
0
0
0.85
0.36125
0
0.102354
0
0
0.0217503
0
0
0
0.86
0.3698
0
0.106009
0
0
0.022792
0
0
0
0.87
0.37845
0
0.10975
0
0
0.0238707
0
0
0
0.88
0.3872
0
0.113579
0
0
0.0249873
0
0
0
0.89
0.39605
0
0.117495
0
0
0.0261426
0
0
0
0.9
0.405
0
0.1215
0
0
0.0273375
0
0
0
0.91
0.41405
0
0.125595
0
0
0.0285729
0
0
0
0.92
0.4232
0
0.129781
0
0
0.0298497
0
0
0
0.93
0.43245
0
0.134059
0
0
0.0311688
0
0
0
0.94
0.4418
0
0.138431
0
0
0.0325312
0
0
0
0.95
0.45125
0
0.142896
0
0
0.0339378
0
0
0
0.96
0.4608
0
0.147456
0
0
0.0353894
0
0
0
0.97
0.47045
0
0.152112
0
0
0.0368872
0
0
0
0.98
0.4802
0
0.156865
0
0
0.038432
0
0
0
0.99
0.49005
0
0.161716
0
0
0.0400248
0
0
0
1
0.5
0
0.166667
0
0
0.0416667
0
0
0
