         0         7.69829e-29
       0.8          2.2298e-28
       1.6         4.99859e-28
       2.4         1.02496e-27
       3.2         2.02079e-27
         4         3.90938e-27
       4.8         7.49105e-27
       5.6         1.42836e-26
       6.4         2.71656e-26
       7.2          5.1596e-26
         8         9.79278e-26
       8.8         1.85795e-25
       9.6         3.52434e-25
      10.4         6.68461e-25
      11.2          1.2678e-24
        12         2.40444e-24
      12.8         4.56005e-24
      13.6         8.64812e-24
      14.4         1.64011e-23
      15.2         3.11044e-23
        16         5.89889e-23
      16.8         1.11871e-22
      17.6         2.12162e-22
      18.4         4.02362e-22
      19.2         7.63071e-22
        20         1.44715e-21
      20.8         2.74449e-21
      21.6         5.20488e-21
      22.4         9.87095e-21
      23.2         1.87201e-20
        24         3.55023e-20
      24.8         6.73293e-20
      25.6         1.27689e-19
      26.4         2.42159e-19
      27.2         4.59251e-19
        28          8.7096e-19
      28.8         1.65176e-18
      29.6         3.13253e-18
      30.4         5.94078e-18
      31.2         1.12666e-17
        32         2.13669e-17
      32.8         4.05218e-17
      33.6         7.68489e-17
      34.4         1.45742e-16
      35.2         2.76398e-16
        36         5.24183e-16
      36.8         9.94103e-16
      37.6          1.8853e-15
      38.4         3.57543e-15
      39.2         6.78074e-15
        40         1.28595e-14
      40.8         2.43879e-14
      41.6         4.62511e-14
      42.4         8.77144e-14
      43.2         1.66349e-13
        44         3.15477e-13
      44.8         5.98296e-13
      45.6         1.13466e-12
      46.4         2.15185e-12
      47.2         4.08095e-12
        48         7.73945e-12
      48.8         1.46777e-11
      49.6          2.7836e-11
      50.4         5.27904e-11
      51.2         1.00116e-10
        52         1.89868e-10
      52.8         3.60081e-10
      53.6         6.82888e-10
      54.4         1.29508e-09
      55.2          2.4561e-09
        56         4.65795e-09
      56.8         8.83371e-09
      57.6          1.6753e-08
      58.4         3.17717e-08
      59.2         6.02544e-08
        60         1.14271e-07
      60.8         2.16713e-07
      61.6         4.10993e-07
      62.4         7.79439e-07
      63.2         1.47819e-06
        64         2.80336e-06
      64.8         5.31652e-06
      65.6         1.00827e-05
      66.4         1.91216e-05
      67.2         3.62638e-05
        68         6.87736e-05
      68.8         0.000130428
      69.6         0.000247354
      70.4         0.000469102
      71.2         0.000889643
        72          0.00168719
      72.8          0.00319972
      73.6          0.00606821
      74.4           0.0115083
      75.2           0.0218252
        76            0.041391
      76.8           0.0784973
      77.6            0.148869
      78.4            0.282327
      79.2            0.535427
        80             1.01543
